<!DOCTYPE html>
<html lang="" xml:lang="">
<head>

  <meta charset="utf-8" />
  <meta http-equiv="X-UA-Compatible" content="IE=edge" />
  <title>Capítulo 2 Análisis exploratorio | Elektra: Forecasting DEMO</title>
  <meta name="description" content="Capítulo 2 Análisis exploratorio | Elektra: Forecasting DEMO" />
  <meta name="generator" content="bookdown 0.26 and GitBook 2.6.7" />

  <meta property="og:title" content="Capítulo 2 Análisis exploratorio | Elektra: Forecasting DEMO" />
  <meta property="og:type" content="book" />
  
  
  

  <meta name="twitter:card" content="summary" />
  <meta name="twitter:title" content="Capítulo 2 Análisis exploratorio | Elektra: Forecasting DEMO" />
  
  
  




  <meta name="viewport" content="width=device-width, initial-scale=1" />
  <meta name="apple-mobile-web-app-capable" content="yes" />
  <meta name="apple-mobile-web-app-status-bar-style" content="black" />
  
  
<link rel="prev" href="insumos.html"/>

<script src="libs/jquery-3.6.0/jquery-3.6.0.min.js"></script>
<script src="https://cdn.jsdelivr.net/npm/fuse.js@6.4.6/dist/fuse.min.js"></script>
<link href="libs/gitbook-2.6.7/css/style.css" rel="stylesheet" />
<link href="libs/gitbook-2.6.7/css/plugin-table.css" rel="stylesheet" />
<link href="libs/gitbook-2.6.7/css/plugin-bookdown.css" rel="stylesheet" />
<link href="libs/gitbook-2.6.7/css/plugin-highlight.css" rel="stylesheet" />
<link href="libs/gitbook-2.6.7/css/plugin-search.css" rel="stylesheet" />
<link href="libs/gitbook-2.6.7/css/plugin-fontsettings.css" rel="stylesheet" />
<link href="libs/gitbook-2.6.7/css/plugin-clipboard.css" rel="stylesheet" />








<link href="libs/anchor-sections-1.1.0/anchor-sections.css" rel="stylesheet" />
<link href="libs/anchor-sections-1.1.0/anchor-sections-hash.css" rel="stylesheet" />
<script src="libs/anchor-sections-1.1.0/anchor-sections.js"></script>
<script src="libs/kePrint-0.0.1/kePrint.js"></script>
<link href="libs/lightable-0.0.1/lightable.css" rel="stylesheet" />
<script src="libs/htmlwidgets-1.5.4/htmlwidgets.js"></script>
<script src="libs/plotly-binding-4.10.0/plotly.js"></script>
<script src="libs/typedarray-0.1/typedarray.min.js"></script>
<link href="libs/crosstalk-1.2.0/css/crosstalk.min.css" rel="stylesheet" />
<script src="libs/crosstalk-1.2.0/js/crosstalk.min.js"></script>
<link href="libs/plotly-htmlwidgets-css-2.5.1/plotly-htmlwidgets.css" rel="stylesheet" />
<script src="libs/plotly-main-2.5.1/plotly-latest.min.js"></script>
<link href="libs/datatables-css-0.0.0/datatables-crosstalk.css" rel="stylesheet" />
<script src="libs/datatables-binding-0.23/datatables.js"></script>
<link href="libs/dt-core-1.11.3/css/jquery.dataTables.min.css" rel="stylesheet" />
<link href="libs/dt-core-1.11.3/css/jquery.dataTables.extra.css" rel="stylesheet" />
<script src="libs/dt-core-1.11.3/js/jquery.dataTables.min.js"></script>




<link rel="stylesheet" href="style.css" type="text/css" />
</head>

<body>



  <div class="book without-animation with-summary font-size-2 font-family-1" data-basepath=".">

    <div class="book-summary">
      <nav role="navigation">

<ul class="summary">
<li><a href="./"><img src="img/aux/logo.png" width="280"></a></li|
|:-:|
<center>Data Science Project Documentation</center>

<li class="divider"></li>
<li class="chapter" data-level="" data-path="index.html"><a href="index.html"><i class="fa fa-check"></i>Introducción</a>
<ul>
<li class="chapter" data-level="" data-path="index.html"><a href="index.html#objetivo"><i class="fa fa-check"></i>Objetivo</a></li>
<li class="chapter" data-level="" data-path="index.html"><a href="index.html#alcances"><i class="fa fa-check"></i>Alcances</a></li>
</ul></li>
<li class="chapter" data-level="1" data-path="insumos.html"><a href="insumos.html"><i class="fa fa-check"></i><b>1</b> Insumos</a>
<ul>
<li class="chapter" data-level="1.1" data-path="insumos.html"><a href="insumos.html#google-ads"><i class="fa fa-check"></i><b>1.1</b> Google Ads</a></li>
<li class="chapter" data-level="1.2" data-path="insumos.html"><a href="insumos.html#facebook-ads"><i class="fa fa-check"></i><b>1.2</b> Facebook Ads</a></li>
<li class="chapter" data-level="1.3" data-path="insumos.html"><a href="insumos.html#google-analytics"><i class="fa fa-check"></i><b>1.3</b> Google Analytics</a>
<ul>
<li class="chapter" data-level="1.3.1" data-path="insumos.html"><a href="insumos.html#productos-y-ventas"><i class="fa fa-check"></i><b>1.3.1</b> Productos y ventas</a></li>
<li class="chapter" data-level="1.3.2" data-path="insumos.html"><a href="insumos.html#sesiones-y-usuarios"><i class="fa fa-check"></i><b>1.3.2</b> Sesiones y usuarios</a></li>
</ul></li>
</ul></li>
<li class="chapter" data-level="2" data-path="análisis-exploratorio.html"><a href="análisis-exploratorio.html"><i class="fa fa-check"></i><b>2</b> Análisis exploratorio</a>
<ul>
<li class="chapter" data-level="2.1" data-path="análisis-exploratorio.html"><a href="análisis-exploratorio.html#nomenclatura"><i class="fa fa-check"></i><b>2.1</b> Nomenclatura</a></li>
<li class="chapter" data-level="2.2" data-path="análisis-exploratorio.html"><a href="análisis-exploratorio.html#análisis-de-disponibilidad"><i class="fa fa-check"></i><b>2.2</b> Análisis de disponibilidad</a></li>
<li class="chapter" data-level="2.3" data-path="análisis-exploratorio.html"><a href="análisis-exploratorio.html#análisis-univariado"><i class="fa fa-check"></i><b>2.3</b> Análisis univariado</a></li>
<li class="chapter" data-level="2.4" data-path="análisis-exploratorio.html"><a href="análisis-exploratorio.html#análisis-de-correlación"><i class="fa fa-check"></i><b>2.4</b> Análisis de correlación</a></li>
<li class="chapter" data-level="2.5" data-path="análisis-exploratorio.html"><a href="análisis-exploratorio.html#análisis-multivariado-gráfico"><i class="fa fa-check"></i><b>2.5</b> Análisis multivariado gráfico</a></li>
<li class="chapter" data-level="2.6" data-path="análisis-exploratorio.html"><a href="análisis-exploratorio.html#reducción-de-dimensión"><i class="fa fa-check"></i><b>2.6</b> Reducción de dimensión</a></li>
<li class="chapter" data-level="2.7" data-path="análisis-exploratorio.html"><a href="análisis-exploratorio.html#análisis-temporal"><i class="fa fa-check"></i><b>2.7</b> Análisis Temporal</a>
<ul>
<li class="chapter" data-level="2.7.1" data-path="análisis-exploratorio.html"><a href="análisis-exploratorio.html#estacionalidad-anual"><i class="fa fa-check"></i><b>2.7.1</b> Estacionalidad anual</a></li>
<li class="chapter" data-level="2.7.2" data-path="análisis-exploratorio.html"><a href="análisis-exploratorio.html#estacionalidad-semanal"><i class="fa fa-check"></i><b>2.7.2</b> Estacionalidad semanal</a></li>
<li class="chapter" data-level="2.7.3" data-path="análisis-exploratorio.html"><a href="análisis-exploratorio.html#autocorrelación"><i class="fa fa-check"></i><b>2.7.3</b> Autocorrelación</a></li>
<li class="chapter" data-level="2.7.4" data-path="análisis-exploratorio.html"><a href="análisis-exploratorio.html#descomposición-aditiva"><i class="fa fa-check"></i><b>2.7.4</b> Descomposición aditiva</a></li>
</ul></li>
</ul></li>
</ul>

      </nav>
    </div>

    <div class="book-body">
      <div class="body-inner">
        <div class="book-header" role="navigation">
          <h1>
            <i class="fa fa-circle-o-notch fa-spin"></i><a href="./">Elektra: Forecasting DEMO</a>
          </h1>
        </div>

        <div class="page-wrapper" tabindex="-1" role="main">
          <div class="page-inner">

            <section class="normal" id="section-">
<div id="análisis-exploratorio" class="section level1 hasAnchor" number="2">
<h1><span class="header-section-number">Capítulo 2</span> Análisis exploratorio<a href="análisis-exploratorio.html#análisis-exploratorio" class="anchor-section" aria-label="Anchor link to header"></a></h1>
<p>Una vez que los datos individuales han sido estudiados descriptivamente de manera cruda, se procede a realizar la creación de un único conjunto de datos que centralice la información de todas las fuentes de información presentadas anteriormente. Este conjunto se crea mediante agregaciones diarias de todas las métricas reportadas originalmente, de modo que se pueda analizar posteriormente la relación entre la variable de respuesta (transacciones diarias) y el resto de información que podría servir para estimar este pronóstico.</p>
<div id="nomenclatura" class="section level2 hasAnchor" number="2.1">
<h2><span class="header-section-number">2.1</span> Nomenclatura<a href="análisis-exploratorio.html#nomenclatura" class="anchor-section" aria-label="Anchor link to header"></a></h2>
<p>Para el caso de Facebook y Google Ads, las variables que se incluyen en este conjunto de datos presenta una nomenclatura particular que depende de la información que se analiza en cada columna para cada campaña. La nomenclatura es la siguiente</p>
<p><span class="math display">\[\text{origen_métrica_propósito}\]</span></p>
<p><strong>Donde:</strong></p>
<blockquote>
<p>Origen: Es la fuente de datos (Google Ads, Google Analytics, Facebook).</p>
<p>Métrica: Hace referencia a la medición (likes, costo, alcance, conversiones, etc).</p>
<p>Propósito: Refiere al objetivo que tiene cada campaña.</p>
</blockquote>
<p>En el caso de Google Analytics, la nomenclatura es ligeramente distinta, pues no contienen información de campañas sino de resultados de las sesiones en la plataforma de Elektra. Esta nomenclatura sigue la siguiente sintaxis:</p>
<p><span class="math display">\[\text{origen_métrica}\]</span></p>
<p>Ejemplos:</p>
<ul>
<li><p><strong>fb_costo_video_views:</strong> Variable que proviene de Facebook y mide el costo invertido cada día en campañas que tenían como propósito lograr vistas mediante videos</p></li>
<li><p><strong>gtics_transacciones:</strong> Variable proveniente de Google Analytics que mide la cantidad de transacciones diarias.</p></li>
<li><p><strong>gtics_n_fuente_medio:</strong> Variable de Google Analytics que refiere al número de combinaciones distintas de fuentes/medios por los cuales se llevaron a cabo las sesiones del portal de Elektra cada día</p></li>
<li><p><strong>fb_n_link_click:</strong> En Facebook, es el número de campañas distintas implementadas cada día cuyo propósito es la obtención de click en un link.</p></li>
</ul>
<hr />
<p>Una vez que el conjunto de datos ha sido creado, se procede a analizar la consistencia, calidad y disponibilidad de información obtenida. A partir de este análisis se conoce la viabilidad de usar la información de cada una de las fuentes de información.</p>
<p>Algunas de las principales características de interés es la distribución univariada y multivariada de cada par de características, así como las medidas de tendencia central y porcentaje de datos perdidos.</p>
</div>
<div id="análisis-de-disponibilidad" class="section level2 hasAnchor" number="2.2">
<h2><span class="header-section-number">2.2</span> Análisis de disponibilidad<a href="análisis-exploratorio.html#análisis-de-disponibilidad" class="anchor-section" aria-label="Anchor link to header"></a></h2>
<p>Aunque originalmente no se observaron muchos datos faltantes cuando se realiza el análisis individual de cada fuente de información, al hacer coincidir las tablas por fechas es posible tener disparidades importantes, por lo que se realiza un análisis de datos faltantes después de observar las fechas de disponibilidad de datos:</p>
<table>
<thead>
<tr class="header">
<th>Fuente</th>
<th>Fecha inicial</th>
<th>Fecha final</th>
</tr>
</thead>
<tbody>
<tr class="odd">
<td>Facebook Ads</td>
<td>2019-10-30</td>
<td>2021-11-22</td>
</tr>
<tr class="even">
<td>Google Analytics</td>
<td>2019-09-30</td>
<td>2022-06-13</td>
</tr>
<tr class="odd">
<td>Google Ads</td>
<td>2021-10-31</td>
<td>2022-06-02</td>
</tr>
</tbody>
</table>
<p>Al considerar el periodo completo del 30 de septiembre de 2019 al 13 de junio de 2022, se cuenta con un volumen de datos faltantes considerable, mismo que se representa en las siguientes gráficas:</p>
<p><img src="img/01-eda/missings_google.png" width="700pt" height="700pt" style="display: block; margin: auto;" /></p>
<p><img src="img/01-eda/missings_facebook.png" width="700pt" height="700pt" style="display: block; margin: auto;" /></p>
<p>Es importante la cantidad de datos faltantes provenientes de Google Ads, por lo que se revisará posteriormente la factibilidad de conseguir dicha información. Una manera fácil de entender la magnitud de la falta de información se logra a través del siguiente gráfico:</p>
<p><img src="ddi_elektra_demo_eda_files/figure-html/unnamed-chunk-28-1.png" width="672" /></p>
<p>Las transacciones diarias están representadas por las líneas verticales rojas (Google Analytics). El periodo contenido entre las lineas azules representa la información disponible de Facebook Ads, mientras que la información contenida entre las lineas verdes corresponde a Google Ads.</p>
<div class="infobox note">
<p><strong>¡Toma de decisión!</strong></p>
<p>Dada esta información disponible… Se comenzará a trabajar con Google Ads y Google Analytics para el periodo del 1° de noviembre de 2021 a la fecha, sin embargo, es áltamente deseable contar con la información completa para extraer el mayor valor de la información recolactada.</p>
</div>
</div>
<div id="análisis-univariado" class="section level2 hasAnchor" number="2.3">
<h2><span class="header-section-number">2.3</span> Análisis univariado<a href="análisis-exploratorio.html#análisis-univariado" class="anchor-section" aria-label="Anchor link to header"></a></h2>
<p>Con el objetivo de conocer la distribución univariada de cada una de las características asociadas a las transacciones, se crean gráficos de histogramas, las cuales se presentan a continuación:</p>
<p><img src="ddi_elektra_demo_eda_files/figure-html/unnamed-chunk-29-1.png" width="672" /><img src="ddi_elektra_demo_eda_files/figure-html/unnamed-chunk-29-2.png" width="672" /><img src="ddi_elektra_demo_eda_files/figure-html/unnamed-chunk-29-3.png" width="672" /><img src="ddi_elektra_demo_eda_files/figure-html/unnamed-chunk-29-4.png" width="672" /></p>
<p>De manera adicional, los gráficos QQ-plot permiten conocer la bondad de ajuste de una distribución normal estándar con cada una de las potenciales variables explicativas al comparar la distribución de ambas variables (Variable explicativa Vs Distribución normal).</p>
<p>A continuación se muestran los gráficos que permiten entender mejor la comparación de distribuciones:</p>
<p><img src="ddi_elektra_demo_eda_files/figure-html/unnamed-chunk-30-1.png" width="672" /><img src="ddi_elektra_demo_eda_files/figure-html/unnamed-chunk-30-2.png" width="672" /><img src="ddi_elektra_demo_eda_files/figure-html/unnamed-chunk-30-3.png" width="672" /><img src="ddi_elektra_demo_eda_files/figure-html/unnamed-chunk-30-4.png" width="672" /><img src="ddi_elektra_demo_eda_files/figure-html/unnamed-chunk-30-5.png" width="672" /><img src="ddi_elektra_demo_eda_files/figure-html/unnamed-chunk-30-6.png" width="672" /><img src="ddi_elektra_demo_eda_files/figure-html/unnamed-chunk-30-7.png" width="672" /><img src="ddi_elektra_demo_eda_files/figure-html/unnamed-chunk-30-8.png" width="672" /></p>
</div>
<div id="análisis-de-correlación" class="section level2 hasAnchor" number="2.4">
<h2><span class="header-section-number">2.4</span> Análisis de correlación<a href="análisis-exploratorio.html#análisis-de-correlación" class="anchor-section" aria-label="Anchor link to header"></a></h2>
<p>Una vez analizada la distribución unitaria de cada una de las variables presentes, se desea conocer el grado de asociación entre variables, de forma que pueda saberse cuáles de ellas están relacionadas de manera positiva o negativa, así como la intensidad de esta posible relación.</p>
<div id="htmlwidget-93720ed903760c20775a" style="width:672px;height:800px;" class="plotly html-widget"></div>
<script type="application/json" data-for="htmlwidget-93720ed903760c20775a">{"x":{"data":[{"x":[11.515625,20.46875,null,20.46875,20.46875,null,20.46875,13.34375,null,13.34375,13.34375,null,13.34375,7.5,null,7.5,7.5,null,7.5,7,null,7,7,null,7.5,8,null,8,8,null,13.34375,19.1875,null,19.1875,19.1875,null,19.1875,15.875,null,15.875,15.875,null,15.875,12.1875,null,12.1875,12.1875,null,12.1875,10.25,null,10.25,10.25,null,10.25,9.5,null,9.5,9.5,null,9.5,9,null,9,9,null,9.5,10,null,10,10,null,10.25,11,null,11,11,null,12.1875,14.125,null,14.125,14.125,null,14.125,12.75,null,12.75,12.75,null,12.75,12,null,12,12,null,12.75,13.5,null,13.5,13.5,null,13.5,13,null,13,13,null,13.5,14,null,14,14,null,14.125,15.5,null,15.5,15.5,null,15.5,15,null,15,15,null,15.5,16,null,16,16,null,15.875,19.5625,null,19.5625,19.5625,null,19.5625,18.125,null,18.125,18.125,null,18.125,17,null,17,17,null,18.125,19.25,null,19.25,19.25,null,19.25,18.5,null,18.5,18.5,null,18.5,18,null,18,18,null,18.5,19,null,19,19,null,19.25,20,null,20,20,null,19.5625,21,null,21,21,null,19.1875,22.5,null,22.5,22.5,null,22.5,22,null,22,22,null,22.5,23,null,23,23,null,20.46875,27.59375,null,27.59375,27.59375,null,27.59375,24.75,null,24.75,24.75,null,24.75,24,null,24,24,null,24.75,25.5,null,25.5,25.5,null,25.5,25,null,25,25,null,25.5,26,null,26,26,null,27.59375,30.4375,null,30.4375,30.4375,null,30.4375,28.875,null,28.875,28.875,null,28.875,27.5,null,27.5,27.5,null,27.5,27,null,27,27,null,27.5,28,null,28,28,null,28.875,30.25,null,30.25,30.25,null,30.25,29.5,null,29.5,29.5,null,29.5,29,null,29,29,null,29.5,30,null,30,30,null,30.25,31,null,31,31,null,30.4375,32,null,32,32],"y":[4.55285812872631,4.55285812872631,null,4.55285812872631,3.35233419181666,null,3.35233419181666,3.35233419181666,null,3.35233419181666,2.47769105753983,null,2.47769105753983,2.47769105753983,null,2.47769105753983,1.36238858753789,null,1.36238858753789,1.36238858753789,null,1.36238858753789,0,null,1.36238858753789,1.36238858753789,null,1.36238858753789,0,null,2.47769105753983,2.47769105753983,null,2.47769105753983,1.86062331508338,null,1.86062331508338,1.86062331508338,null,1.86062331508338,1.71269547965419,null,1.71269547965419,1.71269547965419,null,1.71269547965419,1.52450746925061,null,1.52450746925061,1.52450746925061,null,1.52450746925061,0.782996283433648,null,0.782996283433648,0.782996283433648,null,0.782996283433648,0.185561314138161,null,0.185561314138161,0.185561314138161,null,0.185561314138161,0,null,0.185561314138161,0.185561314138161,null,0.185561314138161,0,null,0.782996283433648,0.782996283433648,null,0.782996283433648,0,null,1.52450746925061,1.52450746925061,null,1.52450746925061,0.735835731234869,null,0.735835731234869,0.735835731234869,null,0.735835731234869,0.554917117294436,null,0.554917117294436,0.554917117294436,null,0.554917117294436,0,null,0.554917117294436,0.554917117294436,null,0.554917117294436,0.16480021130124,null,0.16480021130124,0.16480021130124,null,0.16480021130124,0,null,0.16480021130124,0.16480021130124,null,0.16480021130124,0,null,0.735835731234869,0.735835731234869,null,0.735835731234869,0.115221811895612,null,0.115221811895612,0.115221811895612,null,0.115221811895612,0,null,0.115221811895612,0.115221811895612,null,0.115221811895612,0,null,1.71269547965419,1.71269547965419,null,1.71269547965419,1.24419169246009,null,1.24419169246009,1.24419169246009,null,1.24419169246009,0.425035431844998,null,0.425035431844998,0.425035431844998,null,0.425035431844998,0,null,0.425035431844998,0.425035431844998,null,0.425035431844998,0.215443413590199,null,0.215443413590199,0.215443413590199,null,0.215443413590199,0.177452027425487,null,0.177452027425487,0.177452027425487,null,0.177452027425487,0,null,0.177452027425487,0.177452027425487,null,0.177452027425487,0,null,0.215443413590199,0.215443413590199,null,0.215443413590199,0,null,1.24419169246009,1.24419169246009,null,1.24419169246009,0,null,1.86062331508338,1.86062331508338,null,1.86062331508338,0.180732772707035,null,0.180732772707035,0.180732772707035,null,0.180732772707035,0,null,0.180732772707035,0.180732772707035,null,0.180732772707035,0,null,3.35233419181666,3.35233419181666,null,3.35233419181666,2.54474275013871,null,2.54474275013871,2.54474275013871,null,2.54474275013871,1.21562523032969,null,1.21562523032969,1.21562523032969,null,1.21562523032969,0,null,1.21562523032969,1.21562523032969,null,1.21562523032969,0.87189233723048,null,0.87189233723048,0.87189233723048,null,0.87189233723048,0,null,0.87189233723048,0.87189233723048,null,0.87189233723048,0,null,2.54474275013871,2.54474275013871,null,2.54474275013871,1.74806759609355,null,1.74806759609355,1.74806759609355,null,1.74806759609355,0.887249440716145,null,0.887249440716145,0.887249440716145,null,0.887249440716145,0.438696300224489,null,0.438696300224489,0.438696300224489,null,0.438696300224489,0,null,0.438696300224489,0.438696300224489,null,0.438696300224489,0,null,0.887249440716145,0.887249440716145,null,0.887249440716145,0.47288118838255,null,0.47288118838255,0.47288118838255,null,0.47288118838255,0.221468739025903,null,0.221468739025903,0.221468739025903,null,0.221468739025903,0,null,0.221468739025903,0.221468739025903,null,0.221468739025903,0,null,0.47288118838255,0.47288118838255,null,0.47288118838255,0,null,1.74806759609355,1.74806759609355,null,1.74806759609355,0],"text":["y: 4.5528581","y: 4.5528581",null,"y: 4.5528581","y: 4.5528581",null,"y: 3.3523342","y: 3.3523342",null,"y: 3.3523342","y: 3.3523342",null,"y: 2.4776911","y: 2.4776911",null,"y: 2.4776911","y: 2.4776911",null,"y: 1.3623886","y: 1.3623886",null,"y: 1.3623886","y: 1.3623886",null,"y: 1.3623886","y: 1.3623886",null,"y: 1.3623886","y: 1.3623886",null,"y: 2.4776911","y: 2.4776911",null,"y: 2.4776911","y: 2.4776911",null,"y: 1.8606233","y: 1.8606233",null,"y: 1.8606233","y: 1.8606233",null,"y: 1.7126955","y: 1.7126955",null,"y: 1.7126955","y: 1.7126955",null,"y: 1.5245075","y: 1.5245075",null,"y: 1.5245075","y: 1.5245075",null,"y: 0.7829963","y: 0.7829963",null,"y: 0.7829963","y: 0.7829963",null,"y: 0.1855613","y: 0.1855613",null,"y: 0.1855613","y: 0.1855613",null,"y: 0.1855613","y: 0.1855613",null,"y: 0.1855613","y: 0.1855613",null,"y: 0.7829963","y: 0.7829963",null,"y: 0.7829963","y: 0.7829963",null,"y: 1.5245075","y: 1.5245075",null,"y: 1.5245075","y: 1.5245075",null,"y: 0.7358357","y: 0.7358357",null,"y: 0.7358357","y: 0.7358357",null,"y: 0.5549171","y: 0.5549171",null,"y: 0.5549171","y: 0.5549171",null,"y: 0.5549171","y: 0.5549171",null,"y: 0.5549171","y: 0.5549171",null,"y: 0.1648002","y: 0.1648002",null,"y: 0.1648002","y: 0.1648002",null,"y: 0.1648002","y: 0.1648002",null,"y: 0.1648002","y: 0.1648002",null,"y: 0.7358357","y: 0.7358357",null,"y: 0.7358357","y: 0.7358357",null,"y: 0.1152218","y: 0.1152218",null,"y: 0.1152218","y: 0.1152218",null,"y: 0.1152218","y: 0.1152218",null,"y: 0.1152218","y: 0.1152218",null,"y: 1.7126955","y: 1.7126955",null,"y: 1.7126955","y: 1.7126955",null,"y: 1.2441917","y: 1.2441917",null,"y: 1.2441917","y: 1.2441917",null,"y: 0.4250354","y: 0.4250354",null,"y: 0.4250354","y: 0.4250354",null,"y: 0.4250354","y: 0.4250354",null,"y: 0.4250354","y: 0.4250354",null,"y: 0.2154434","y: 0.2154434",null,"y: 0.2154434","y: 0.2154434",null,"y: 0.1774520","y: 0.1774520",null,"y: 0.1774520","y: 0.1774520",null,"y: 0.1774520","y: 0.1774520",null,"y: 0.1774520","y: 0.1774520",null,"y: 0.2154434","y: 0.2154434",null,"y: 0.2154434","y: 0.2154434",null,"y: 1.2441917","y: 1.2441917",null,"y: 1.2441917","y: 1.2441917",null,"y: 1.8606233","y: 1.8606233",null,"y: 1.8606233","y: 1.8606233",null,"y: 0.1807328","y: 0.1807328",null,"y: 0.1807328","y: 0.1807328",null,"y: 0.1807328","y: 0.1807328",null,"y: 0.1807328","y: 0.1807328",null,"y: 3.3523342","y: 3.3523342",null,"y: 3.3523342","y: 3.3523342",null,"y: 2.5447428","y: 2.5447428",null,"y: 2.5447428","y: 2.5447428",null,"y: 1.2156252","y: 1.2156252",null,"y: 1.2156252","y: 1.2156252",null,"y: 1.2156252","y: 1.2156252",null,"y: 1.2156252","y: 1.2156252",null,"y: 0.8718923","y: 0.8718923",null,"y: 0.8718923","y: 0.8718923",null,"y: 0.8718923","y: 0.8718923",null,"y: 0.8718923","y: 0.8718923",null,"y: 2.5447428","y: 2.5447428",null,"y: 2.5447428","y: 2.5447428",null,"y: 1.7480676","y: 1.7480676",null,"y: 1.7480676","y: 1.7480676",null,"y: 0.8872494","y: 0.8872494",null,"y: 0.8872494","y: 0.8872494",null,"y: 0.4386963","y: 0.4386963",null,"y: 0.4386963","y: 0.4386963",null,"y: 0.4386963","y: 0.4386963",null,"y: 0.4386963","y: 0.4386963",null,"y: 0.8872494","y: 0.8872494",null,"y: 0.8872494","y: 0.8872494",null,"y: 0.4728812","y: 0.4728812",null,"y: 0.4728812","y: 0.4728812",null,"y: 0.2214687","y: 0.2214687",null,"y: 0.2214687","y: 0.2214687",null,"y: 0.2214687","y: 0.2214687",null,"y: 0.2214687","y: 0.2214687",null,"y: 0.4728812","y: 0.4728812",null,"y: 0.4728812","y: 0.4728812",null,"y: 1.7480676","y: 1.7480676",null,"y: 1.7480676","y: 1.7480676"],"type":"scatter","mode":"lines","line":{"width":2.26771653543307,"color":"rgba(57,190,177,1)","dash":"solid"},"hoveron":"points","name":"(#39BEB1,solid)","legendgroup":"(#39BEB1,solid)","showlegend":true,"xaxis":"x","yaxis":"y","hoverinfo":"text","frame":null},{"x":[11.515625,2.5625,null,2.5625,2.5625,null,2.5625,1,null,1,1,null,2.5625,4.125,null,4.125,4.125,null,4.125,2.75,null,2.75,2.75,null,2.75,2,null,2,2,null,2.75,3.5,null,3.5,3.5,null,3.5,3,null,3,3,null,3.5,4,null,4,4,null,4.125,5.5,null,5.5,5.5,null,5.5,5,null,5,5,null,5.5,6,null,6,6],"y":[4.55285812872631,4.55285812872631,null,4.55285812872631,2.20609460517957,null,2.20609460517957,2.20609460517957,null,2.20609460517957,0,null,2.20609460517957,2.20609460517957,null,2.20609460517957,1.90366395594408,null,1.90366395594408,1.90366395594408,null,1.90366395594408,0.395671982278771,null,0.395671982278771,0.395671982278771,null,0.395671982278771,0,null,0.395671982278771,0.395671982278771,null,0.395671982278771,0.13802179446803,null,0.13802179446803,0.13802179446803,null,0.13802179446803,0,null,0.13802179446803,0.13802179446803,null,0.13802179446803,0,null,1.90366395594408,1.90366395594408,null,1.90366395594408,1.1922104267441,null,1.1922104267441,1.1922104267441,null,1.1922104267441,0,null,1.1922104267441,1.1922104267441,null,1.1922104267441,0],"text":["y: 4.5528581","y: 4.5528581",null,"y: 4.5528581","y: 4.5528581",null,"y: 2.2060946","y: 2.2060946",null,"y: 2.2060946","y: 2.2060946",null,"y: 2.2060946","y: 2.2060946",null,"y: 2.2060946","y: 2.2060946",null,"y: 1.9036640","y: 1.9036640",null,"y: 1.9036640","y: 1.9036640",null,"y: 0.3956720","y: 0.3956720",null,"y: 0.3956720","y: 0.3956720",null,"y: 0.3956720","y: 0.3956720",null,"y: 0.3956720","y: 0.3956720",null,"y: 0.1380218","y: 0.1380218",null,"y: 0.1380218","y: 0.1380218",null,"y: 0.1380218","y: 0.1380218",null,"y: 0.1380218","y: 0.1380218",null,"y: 1.9036640","y: 1.9036640",null,"y: 1.9036640","y: 1.9036640",null,"y: 1.1922104","y: 1.1922104",null,"y: 1.1922104","y: 1.1922104",null,"y: 1.1922104","y: 1.1922104",null,"y: 1.1922104","y: 1.1922104"],"type":"scatter","mode":"lines","line":{"width":2.26771653543307,"color":"rgba(228,149,165,1)","dash":"solid"},"hoveron":"points","name":"(#E495A5,solid)","legendgroup":"(#E495A5,solid)","showlegend":true,"xaxis":"x","yaxis":"y","hoverinfo":"text","frame":null},{"x":[11.515625,2.5625,1,4.125,2.75,2,3.5,3,4,5.5,5,6,20.46875,13.34375,7.5,7,8,19.1875,15.875,12.1875,10.25,9.5,9,10,11,14.125,12.75,12,13.5,13,14,15.5,15,16,19.5625,18.125,17,19.25,18.5,18,19,20,21,22.5,22,23,27.59375,24.75,24,25.5,25,26,30.4375,28.875,27.5,27,28,30.25,29.5,29,30,31,32],"y":[4.55285812872631,2.20609460517957,0,1.90366395594408,0.395671982278771,0,0.13802179446803,0,0,1.1922104267441,0,0,3.35233419181666,2.47769105753983,1.36238858753789,0,0,1.86062331508338,1.71269547965419,1.52450746925061,0.782996283433648,0.185561314138161,0,0,0,0.735835731234869,0.554917117294436,0,0.16480021130124,0,0,0.115221811895612,0,0,1.24419169246009,0.425035431844998,0,0.215443413590199,0.177452027425487,0,0,0,0,0.180732772707035,0,0,2.54474275013871,1.21562523032969,0,0.87189233723048,0,0,1.74806759609355,0.887249440716145,0.438696300224489,0,0,0.47288118838255,0.221468739025903,0,0,0,0],"text":["y: 4.5528581","y: 2.2060946","y: 0.0000000","y: 1.9036640","y: 0.3956720","y: 0.0000000","y: 0.1380218","y: 0.0000000","y: 0.0000000","y: 1.1922104","y: 0.0000000","y: 0.0000000","y: 3.3523342","y: 2.4776911","y: 1.3623886","y: 0.0000000","y: 0.0000000","y: 1.8606233","y: 1.7126955","y: 1.5245075","y: 0.7829963","y: 0.1855613","y: 0.0000000","y: 0.0000000","y: 0.0000000","y: 0.7358357","y: 0.5549171","y: 0.0000000","y: 0.1648002","y: 0.0000000","y: 0.0000000","y: 0.1152218","y: 0.0000000","y: 0.0000000","y: 1.2441917","y: 0.4250354","y: 0.0000000","y: 0.2154434","y: 0.1774520","y: 0.0000000","y: 0.0000000","y: 0.0000000","y: 0.0000000","y: 0.1807328","y: 0.0000000","y: 0.0000000","y: 2.5447428","y: 1.2156252","y: 0.0000000","y: 0.8718923","y: 0.0000000","y: 0.0000000","y: 1.7480676","y: 0.8872494","y: 0.4386963","y: 0.0000000","y: 0.0000000","y: 0.4728812","y: 0.2214687","y: 0.0000000","y: 0.0000000","y: 0.0000000","y: 0.0000000"],"type":"scatter","mode":"markers","marker":{"autocolorscale":false,"color":"transparent","opacity":1,"size":null,"symbol":null,"line":{"width":1.88976377952756,"color":"transparent"}},"hoveron":"points","name":"(NA,1)","legendgroup":"(NA,1)","showlegend":true,"xaxis":"x","yaxis":"y","hoverinfo":"text","frame":null},{"type":"scatter","mode":"markers","marker":{"color":"rgba(214,39,40,1)","line":{"color":"rgba(214,39,40,1)"}},"error_y":{"color":"rgba(214,39,40,1)"},"error_x":{"color":"rgba(214,39,40,1)"},"line":{"color":"rgba(214,39,40,1)"},"xaxis":"x2","yaxis":"y","frame":null},{"x":[1,2,3,4,5,6,7,8,9,10,11,12,13,14,15,16,17,18,19,20,21,22,23,24,25,26,27,28,29,30,31,32],"y":[1,2,3,4,5,6,7,8,9,10,11,12,13,14,15,16,17,18,19,20,21,22,23,24,25,26,27,28,29,30,31,32],"z":[[1,0.666226701674302,0.624782811835476,0.608728536394987,0.470846467985137,0.370424912514094,0.332992773218562,0.154583662062112,0.0318307633790215,0,0.124286861866389,0.11273167320093,0.195850363455589,0.228673624635755,0.167658811563459,0.198227704862031,0.295710419754506,0.28442684299558,0.26540705821758,0.268184651364931,0.351306078183781,0.313360715720584,0.349177894184614,0.468301033516007,0.630442442872681,0.55123391498667,0.420847093342867,0.439028400295564,0.450111046288402,0.459324439364795,0.441080886593928,0.585251247032432],[0.666226701674302,1,0.928214947657635,0.921633077549148,0.786795074092972,0.5200896573624,0.403398742625875,0.38491284954609,0.184873479138486,0.144543978917692,0.107907531121395,0.168293333784516,0.182996440202381,0.204978140388522,0.233252587787037,0.259376433556692,0.213354646508916,0.180640550772676,0.159270119524524,0.198490022058999,0.317985868432289,0.247123017994626,0.26426300510561,0.419182982614873,0.3160604805459,0.307844598110602,0.179590764093157,0.125479093783693,0.0924946396032981,0.065073503714753,0.119370431618718,0.438391625848546],[0.624782811835476,0.928214947657635,1,0.984731948338066,0.815186918664963,0.524162545289637,0.368295824542634,0.38987634684404,0.192273076699736,0.165934578737334,0.132153747709203,0.180192304080461,0.195827899024049,0.221427706016197,0.238263601772455,0.259207438240997,0.241735647453413,0.19078015687187,0.181888621348037,0.210432186190569,0.32850683666919,0.218169914915647,0.227986191237354,0.338873409940389,0.264720044617396,0.267187562095679,0.199851004072251,0.151810358190165,0.122526573863568,0.0981819348721572,0.14638705349078,0.421170815280119],[0.608728536394987,0.921633077549148,0.984731948338066,1,0.82051962156229,0.518881130001719,0.401977883138419,0.388216130394609,0.202103367419812,0.182754002008179,0.139180101108759,0.188745851965992,0.209288533928957,0.233060690215628,0.249368047737463,0.268783983866099,0.241493628981841,0.191550371450376,0.183205649130125,0.208823655059841,0.322875617534836,0.197234753451818,0.202208525318634,0.301899992048511,0.22254551334587,0.245214687753094,0.201708636874038,0.154224634651079,0.125280159519047,0.101217600184965,0.148864169410177,0.423179470783644],[0.470846467985137,0.786795074092972,0.815186918664963,0.82051962156229,1,0.667045386952313,0.377935207840292,0.494500751863281,0.32824769584444,0.271572281309983,0.252578591835219,0.325982445707805,0.323929638037802,0.354587767819967,0.426560385290162,0.44529822631122,0.403472889352404,0.326185033934253,0.31171779851068,0.359432376908725,0.413645816880404,0.218135970372676,0.244701434600758,0.241197990749379,0.189221121584764,0.195887406469863,0.239764613977669,0.20368416703551,0.181690873497062,0.163407075697766,0.19961104824486,0.440385963999313],[0.370424912514094,0.5200896573624,0.524162545289637,0.518881130001719,0.667045386952313,1,0.372729950139718,0.465685892684483,0.34518929013198,0.338081250120336,0.32151998978629,0.320868185944738,0.342219729418843,0.345775179562089,0.378154368324318,0.382119776913676,0.415454720598402,0.372057550485539,0.379380313451887,0.39825143425589,0.420709219685412,0.288124724482144,0.287933686151816,0.289461706502436,0.261399806002631,0.274973988390451,0.315038164255442,0.301513598336578,0.293269527837381,0.2864159423211,0.299986811163796,0.37456720743562],[0.332992773218562,0.403398742625875,0.368295824542634,0.401977883138419,0.377935207840292,0.372729950139718,1,0.564427824189036,0.435055260101404,0.45543449176112,0.435580748347785,0.558478118164684,0.596728131909679,0.548152089041669,0.512121028275192,0.511314226130077,0.394823192807164,0.396918740452614,0.393216593386937,0.38873643312713,0.4571783370152,0.467755001880157,0.458294910397637,0.357930416322144,0.309164749866241,0.297102754050325,0.332305505813139,0.332427018305234,0.337712452665009,0.325071706420364,0.370582482276772,0.429475391816364],[0.154583662062112,0.38491284954609,0.38987634684404,0.388216130394609,0.494500751863281,0.465685892684483,0.564427824189036,1,0.681643617429393,0.668548489905712,0.600657775013103,0.580451547466622,0.546309434811941,0.505570453601354,0.645356802402873,0.638313958198821,0.543285740628007,0.524756224122474,0.548325058108151,0.554745814117097,0.558600863041873,0.479939060523503,0.463080821378071,0.324234025990263,0.25580890502788,0.21046006725417,0.279416702998666,0.255849920756981,0.241262278236392,0.222587978207243,0.265354618296612,0.388632079087328],[0.0318307633790215,0.184873479138486,0.192273076699736,0.202103367419812,0.32824769584444,0.34518929013198,0.435055260101404,0.681643617429393,1,0.981676350003294,0.870390697959361,0.746327521422983,0.675857845412177,0.653497819828365,0.804738383940884,0.781229852568998,0.624551931018649,0.63521268302467,0.659303187352728,0.656037502213356,0.601418076960461,0.606164525830135,0.587783794590683,0.361550806206321,0.291897438624878,0.262909446661443,0.327793388410892,0.325744958039396,0.337439505729286,0.315666934545295,0.3486218687756,0.419946669060264],[0,0.144543978917692,0.165934578737334,0.182754002008179,0.271572281309983,0.338081250120336,0.45543449176112,0.668548489905712,0.981676350003294,1,0.859000022073654,0.740803671780589,0.672949011799198,0.645942644851431,0.774553033227814,0.745558008206458,0.600575819931677,0.633869599039121,0.658161794320116,0.640604921567855,0.588055244091417,0.594663750113663,0.566646103926491,0.353980195655687,0.275086192043401,0.261345297128472,0.348649228830906,0.341361888087603,0.348801227610649,0.33100520024787,0.357922041115901,0.399644712151545],[0.124286861866389,0.107907531121395,0.132153747709203,0.139180101108759,0.252578591835219,0.32151998978629,0.435580748347785,0.600657775013103,0.870390697959361,0.859000022073654,1,0.729095976851966,0.740780756607303,0.72209634558307,0.81847050174051,0.801865952145497,0.715754775653048,0.729222686393896,0.766979843675223,0.744029493352068,0.695064104125332,0.75436466868477,0.713854060824185,0.441413470066851,0.394349422049538,0.323869084832036,0.394864638045838,0.407626529583072,0.426694286303243,0.41527516417318,0.432732928148002,0.455688197844138],[0.11273167320093,0.168293333784516,0.180192304080461,0.188745851965992,0.325982445707805,0.320868185944738,0.558478118164684,0.580451547466622,0.746327521422983,0.740803671780589,0.729095976851966,1,0.932363934378324,0.908888389043125,0.886508319706827,0.87819548920543,0.644858751208006,0.630277089504449,0.651660737829395,0.632207567233891,0.563109886693597,0.650479279014141,0.634122887291792,0.373219609625748,0.376901347640109,0.300856185477848,0.417159789210666,0.434573583649439,0.440185093083186,0.431238776875433,0.499168717788712,0.603533105276512],[0.195850363455589,0.182996440202381,0.195827899024049,0.209288533928957,0.323929638037802,0.342219729418843,0.596728131909679,0.546309434811941,0.675857845412177,0.672949011799198,0.740780756607303,0.932363934378324,1,0.989853608712485,0.900544159033664,0.899194632646536,0.715021953687659,0.693645410222378,0.708034020243907,0.684855813162827,0.631358934847013,0.6814879492372,0.650563554016934,0.389814962990775,0.416180988986253,0.338634947249135,0.475072071986351,0.505210428632174,0.514812481779368,0.506732891904893,0.58202158944011,0.663487346307092],[0.228673624635755,0.204978140388522,0.221427706016197,0.233060690215628,0.354587767819967,0.345775179562089,0.548152089041669,0.505570453601354,0.653497819828365,0.645942644851431,0.72209634558307,0.908888389043125,0.989853608712485,1,0.900093210257378,0.901794047260413,0.72719624563199,0.702608652731,0.70998456516607,0.691017578629047,0.63179369817907,0.66977756180023,0.64351382926878,0.389497420552749,0.430830777093397,0.353643104388592,0.471944431947262,0.504621090733792,0.51833412030287,0.507013544415794,0.586297944609773,0.672701821543615],[0.167658811563459,0.233252587787037,0.238263601772455,0.249368047737463,0.426560385290162,0.378154368324318,0.512121028275192,0.645356802402873,0.804738383940884,0.774553033227814,0.81847050174051,0.886508319706827,0.900544159033664,0.900093210257378,1,0.99800842390645,0.796994297146932,0.779303644474023,0.789950029282837,0.79358078443722,0.692728459697624,0.70089082078325,0.686605817096861,0.411638163554597,0.388441735259232,0.311852698510944,0.401418781829913,0.422959922134792,0.439995073464845,0.418765551850107,0.498725415848061,0.661973112543842],[0.198227704862031,0.259376433556692,0.259207438240997,0.268783983866099,0.44529822631122,0.382119776913676,0.511314226130077,0.638313958198821,0.781229852568998,0.745558008206458,0.801865952145497,0.87819548920543,0.899194632646536,0.901794047260413,0.99800842390645,1,0.797932632244057,0.774732868034467,0.784356843610448,0.790254042581079,0.696303012450325,0.699935774889211,0.688320128756974,0.420620320556125,0.40251643363266,0.321519392281126,0.400163184907629,0.421789375171775,0.437825426886371,0.41457541390021,0.499000065617123,0.68084756845717],[0.295710419754506,0.213354646508916,0.241735647453413,0.241493628981841,0.403472889352404,0.415454720598402,0.394823192807164,0.543285740628007,0.624551931018649,0.600575819931677,0.715754775653048,0.644858751208006,0.715021953687659,0.72719624563199,0.796994297146932,0.797932632244057,1,0.906126660688846,0.907151236012085,0.943339603446917,0.728322127693983,0.569262321799785,0.562325428201989,0.387411392313822,0.452813619117809,0.395879064324142,0.50884972848386,0.531649351894249,0.558113201743226,0.567526097029828,0.583940049121197,0.638675474451269],[0.28442684299558,0.180640550772676,0.19078015687187,0.191550371450376,0.326185033934253,0.372057550485539,0.396918740452614,0.524756224122474,0.63521268302467,0.633869599039121,0.729222686393896,0.630277089504449,0.693645410222378,0.702608652731,0.779303644474023,0.774732868034467,0.906126660688846,1,0.954830622443409,0.952085440727377,0.720596667239401,0.596790366288877,0.589526901172529,0.429570037210567,0.478502465427175,0.435420991101318,0.468938004674288,0.478504107771217,0.510650922681196,0.513160067723837,0.547779479807285,0.595138433579594],[0.26540705821758,0.159270119524524,0.181888621348037,0.183205649130125,0.31171779851068,0.379380313451887,0.393216593386937,0.548325058108151,0.659303187352728,0.658161794320116,0.766979843675223,0.651660737829395,0.7080340202